1.0
1.0
2.29838188954036e-14
1.0
1.6743892529694343e-17
1.0
1.0
1.0
1.0
1.0
0.054753612726926804
1.0
1.0
1.0
1.0
1.0
1.0
1.0
1.0
0.9999998807907104
1.8683372626782102e-09
1.0
0.49199748039245605
1.0
0.9999920129776001
8.730595254746731e-06
1.0
0.9999910593032837
0.9999918937683105
0.9999970197677612
0.9999812841415405
0.9999908208847046
0.9999908208847046
2.4542414975292637e-11
0.9999918937683105
0.9999741315841675
0.9999929666519165
0.9999881982803345
1.0
2.926526121882489e-06
0.9999958276748657
0.9999728202819824
0.9999866485595703
0.9999866485595703
1.863879016406056e-11
0.999988317489624
0.9998131394386292
5.017161015530291e-07
0.9999152421951294
0.9999066591262817
0.999915361404419
0.999980092048645
0.9998286962509155
0.9999047517776489
0.9999035596847534
2.7328211308491612e-12
0.9999154806137085
0.9999741315841675
0.999988317489624
1.0
0.9999871253967285
0.9999881982803345
0.9999958276748657
0.9999727010726929
0.9999866485595703
0.9999866485595703
1.8630116546680675e-11
2.9309139790711924e-06
0.949249804019928
0.97654128074646
0.9857621192932129
0.9763351082801819
0.9763565063476562
0.994470477104187
0.9533054828643799
0.9734870791435242
0.9731638431549072
2.851673190769411e-28
0.9764020442962646
0.9999741315841675
0.999988317489624
0.9999929666519165
2.920879751400207e-06
0.9999871253967285
0.9999958276748657
0.9999727010726929
0.9999866485595703
0.9999866485595703
1.861988688234284e-11
1.0
1.0
1.0
1.0
1.0
1.0
1.0
1.0
1.0
1.0
0.009286104701459408
1.0
0.999962329864502
1.0
0.9999898672103882
0.9999829530715942
7.015670689725084e-06
0.9999829530715942
0.999991774559021
0.9999806880950928
0.9999805688858032
5.150889263727532e-12
0.9999829530715942
0.9936758875846863
0.9971292614936829
0.998340368270874
0.9971035122871399
0.9970259070396423
0.99710613489151
0.9990448355674744
1.0
0.9967081546783447
1.084609222638637e-13
0.9971117973327637
0.9999771118164062
0.9999896287918091
0.9999938011169434
0.9999896287918091
0.9999885559082031
1.0
0.9999961853027344
0.9999759197235107
2.3366471850749804e-06
2.0433181188717064e-11
0.9999896287918091
0.9999936819076538
1.0
1.0
1.0
1.0
1.0
0.9999970197677612
1.0
1.0
1.0
1.0
0.9999741315841675
0.999988317489624
0.9999929666519165
0.9999881982803345
0.9999871253967285
0.9999881982803345
0.9999958276748657
0.9999727010726929
1.0
2.4017419946176233e-06
1.8608312807311123e-11
1.0
1.0
1.687117242785141e-12
1.0
1.0
1.0
1.0
1.0
1.0
1.0
1.0
1.0
1.0
1.0
4.444495552841099e-12
1.0
1.0
1.0
1.0
1.0
1.0
1.0
1.0
1.0
1.0
1.0
1.0
1.0
1.0
1.0
1.0
1.0
1.0
1.0
1.0
6.577665929291543e-12
1.0
1.0
1.0
1.0
1.0
1.0
1.0
1.0
0.9999997615814209
0.9999996423721313
0.9999997615814209
0.9999996423721313
0.9999996423721313
1.0
0.9999998807907104
0.9999996423721313
0.9999996423721313
1.0
0.9999996423721313
1.0
1.0
1.0
1.0
1.0
1.0
1.0
1.0
1.0
1.0
3.2625714196238276e-12
8.44547765821946e-18
1.0
1.0
1.0
1.0
1.0
1.0
1.0
1.0
1.0
1.0
1.0
1.247064517623242e-12
1.0
1.0
1.0
1.0
1.0
1.0
1.0
1.0
1.0
0.9999996423721313
0.9999994039535522
0.9999996423721313
0.9999994039535522
0.9999994039535522
0.9999994039535522
1.0
3.3810855336872296e-15
0.9999994039535522
1.0
0.9999994039535522
1.0
1.0
1.0
1.0
1.0
3.020229899508564e-12
1.0
1.0
1.0
1.0
1.0
0.007017721422016621
1.5593467850294473e-08
2.833874290786298e-08
1.55889470221382e-08
1.956911255263094e-08
1.5593171198702294e-08
0.2199351042509079
8.458123090804293e-09
1.5164296485181694e-08
8.247295868934388e-39
1.56013229002383e-08
1.0
1.0
1.0
1.0
1.0
1.0
1.0
1.0
2.6617668572731512e-12
1.0
1.0